#  
# pix layerorside   etaMin etaMax       value      iedge   
#  
 1      2      0.3      0.6      0.131886142291      1
 1      1      1.0      1.3      0.180114471702      3
 1      2      1.3      1.6      0.20      4
 1      2      0.0      0.3      0.151444538798      0
 1      1      2.1      2.5      0.251436378273      6
 1      3      0.0      0.3      0.117725867801      0
 1      4      0.6      1.0      0.108518283165      2
 1      1      1.6      2.1      0.193713672877      5
 1      1      0.0      0.3      0.282239905552      0
 1      3      0.3      0.6      0.1191199302        1
 1      3      0.6      1.0      0.118943915166      2
 1      2      1.0      1.3      0.181937533846      3
 1      1      0.3      0.6      0.227403421349      1
 1      2      0.6      1.0      0.124180112755      2
 1      2      1.6      2.1      0.193147325054      5
 1      1      0.6      1.0      0.195081472997      2
 0      1      2.1      2.5      0.20                6
 1      4      0.3      0.6      0.144764250911      1
 1      3      1.0      1.3      0.182441981028      3
 0      1      1.6      2.1      0.15                5
 1      1      1.3      1.6      0.192743326932      4
